# Created by Octave 4.2.2, Tue May 15 10:34:59 2018 CEST <lsangild@lasse-pc>
# name: ifft_CC
# type: complex matrix
# rows: 512
# columns: 1
 (-2,-26)
 (0,-27)
 (2,-26)
 (4,-27)
 (5,-25)
 (7,-25)
 (9,-25)
 (10,-24)
 (11,-24)
 (12,-23)
 (14,-22)
 (16,-21)
 (17,-20)
 (18,-19)
 (19,-18)
 (20,-17)
 (21,-15)
 (21,-14)
 (22,-12)
 (23,-11)
 (24,-10)
 (24,-8)
 (25,-6)
 (25,-5)
 (25,-4)
 (26,-2)
 (25,-1)
 (25,1)
 (25,3)
 (25,5)
 (24,7)
 (24,8)
 (23,9)
 (23,11)
 (21,12)
 (21,13)
 (20,15)
 (19,16)
 (18,17)
 (17,18)
 (16,19)
 (15,20)
 (13,21)
 (12,21)
 (11,22)
 (9,23)
 (7,23)
 (6,24)
 (5,24)
 (3,24)
 (1,25)
 (0,24)
 (-2,25)
 (-3,25)
 (-5,24)
 (-7,24)
 (-8,24)
 (-9,23)
 (-11,23)
 (-12,22)
 (-14,21)
 (-15,21)
 (-16,20)
 (-17,18)
 (-18,17)
 (-19,16)
 (-20,14)
 (-21,14)
 (-23,12)
 (-23,11)
 (-24,10)
 (-24,8)
 (-25,6)
 (-26,4)
 (-26,3)
 (-26,1)
 (-26,0)
 (-26,-2)
 (-26,-3)
 (-26,-5)
 (-25,-7)
 (-24,-7)
 (-25,-9)
 (-24,-10)
 (-23,-12)
 (-22,-13)
 (-22,-14)
 (-20,-16)
 (-20,-17)
 (-19,-19)
 (-18,-20)
 (-16,-21)
 (-15,-22)
 (-14,-22)
 (-12,-23)
 (-11,-24)
 (-10,-24)
 (-8,-25)
 (-7,-25)
 (-5,-25)
 (-3,-26)
 (-2,-26)
 (0,-27)
 (1,-26)
 (3,-26)
 (4,-25)
 (6,-25)
 (7,-25)
 (9,-25)
 (11,-24)
 (12,-24)
 (13,-23)
 (15,-22)
 (16,-21)
 (17,-20)
 (18,-18)
 (19,-17)
 (20,-17)
 (21,-14)
 (22,-13)
 (22,-12)
 (23,-11)
 (24,-9)
 (24,-7)
 (25,-6)
 (25,-4)
 (25,-3)
 (25,-2)
 (25,0)
 (25,2)
 (25,3)
 (25,5)
 (24,5)
 (24,8)
 (24,10)
 (23,11)
 (22,12)
 (21,13)
 (20,14)
 (20,16)
 (18,17)
 (17,19)
 (16,19)
 (15,20)
 (14,21)
 (12,22)
 (10,23)
 (10,23)
 (8,24)
 (6,24)
 (4,25)
 (3,25)
 (2,25)
 (0,25)
 (-1,25)
 (-3,25)
 (-5,25)
 (-7,24)
 (-8,24)
 (-9,24)
 (-11,22)
 (-12,22)
 (-14,21)
 (-15,21)
 (-16,19)
 (-17,19)
 (-19,17)
 (-20,17)
 (-21,15)
 (-21,14)
 (-22,13)
 (-23,11)
 (-24,10)
 (-24,9)
 (-25,6)
 (-25,5)
 (-25,4)
 (-26,2)
 (-25,1)
 (-26,-1)
 (-26,-3)
 (-26,-4)
 (-25,-6)
 (-25,-8)
 (-25,-9)
 (-24,-10)
 (-23,-11)
 (-22,-13)
 (-22,-14)
 (-21,-16)
 (-20,-17)
 (-19,-18)
 (-18,-19)
 (-16,-21)
 (-15,-21)
 (-14,-21)
 (-13,-23)
 (-11,-24)
 (-10,-24)
 (-9,-25)
 (-6,-25)
 (-6,-26)
 (-4,-26)
 (-3,-26)
 (0,-26)
 (1,-26)
 (3,-26)
 (5,-26)
 (6,-25)
 (7,-25)
 (8,-25)
 (10,-23)
 (11,-23)
 (13,-23)
 (14,-21)
 (15,-21)
 (16,-20)
 (18,-19)
 (19,-18)
 (20,-16)
 (21,-15)
 (22,-13)
 (23,-12)
 (23,-11)
 (24,-9)
 (25,-8)
 (25,-6)
 (25,-4)
 (25,-3)
 (25,-1)
 (25,0)
 (26,2)
 (25,3)
 (25,5)
 (25,6)
 (24,8)
 (23,9)
 (23,11)
 (23,12)
 (21,14)
 (21,14)
 (20,16)
 (19,18)
 (17,18)
 (16,20)
 (15,20)
 (13,21)
 (12,22)
 (11,22)
 (9,23)
 (8,24)
 (7,24)
 (5,25)
 (3,25)
 (2,25)
 (1,25)
 (-1,25)
 (-3,25)
 (-5,25)
 (-6,25)
 (-7,24)
 (-9,24)
 (-11,24)
 (-12,22)
 (-14,22)
 (-15,21)
 (-16,20)
 (-17,19)
 (-18,18)
 (-19,17)
 (-20,15)
 (-21,14)
 (-22,13)
 (-23,11)
 (-24,10)
 (-24,9)
 (-25,7)
 (-25,6)
 (-25,4)
 (-26,2)
 (-25,1)
 (-26,-1)
 (-26,-2)
 (-26,-4)
 (-25,-5)
 (-25,-6)
 (-25,-8)
 (-24,-9)
 (-24,-11)
 (-23,-12)
 (-22,-14)
 (-21,-15)
 (-20,-16)
 (-19,-17)
 (-18,-19)
 (-16,-20)
 (-16,-21)
 (-15,-21)
 (-13,-22)
 (-12,-23)
 (-10,-24)
 (-9,-24)
 (-7,-25)
 (-6,-25)
 (-4,-26)
 (-3,-26)
 (-1,-26)
 (1,-26)
 (2,-26)
 (4,-25)
 (5,-25)
 (7,-25)
 (9,-25)
 (10,-23)
 (11,-23)
 (12,-22)
 (14,-21)
 (15,-20)
 (16,-20)
 (18,-19)
 (19,-18)
 (20,-17)
 (21,-15)
 (22,-13)
 (22,-13)
 (23,-11)
 (23,-9)
 (24,-8)
 (24,-7)
 (24,-5)
 (25,-4)
 (24,-2)
 (25,0)
 (25,1)
 (25,3)
 (25,4)
 (24,6)
 (24,8)
 (23,9)
 (22,11)
 (22,12)
 (21,14)
 (20,15)
 (20,16)
 (19,17)
 (17,18)
 (16,19)
 (15,20)
 (14,21)
 (12,22)
 (11,22)
 (9,23)
 (8,24)
 (6,24)
 (5,25)
 (3,25)
 (2,25)
 (0,25)
 (-2,25)
 (-3,25)
 (-5,24)
 (-7,25)
 (-7,24)
 (-9,24)
 (-10,23)
 (-12,23)
 (-13,22)
 (-15,21)
 (-15,20)
 (-17,19)
 (-19,18)
 (-20,17)
 (-21,16)
 (-21,14)
 (-22,13)
 (-23,12)
 (-24,11)
 (-25,8)
 (-25,8)
 (-25,6)
 (-26,4)
 (-26,3)
 (-26,1)
 (-26,0)
 (-26,-2)
 (-26,-3)
 (-26,-5)
 (-26,-6)
 (-25,-8)
 (-24,-9)
 (-24,-11)
 (-23,-12)
 (-23,-14)
 (-22,-15)
 (-20,-17)
 (-19,-18)
 (-19,-19)
 (-17,-19)
 (-16,-21)
 (-15,-22)
 (-13,-23)
 (-12,-23)
 (-11,-23)
 (-9,-25)
 (-8,-24)
 (-7,-25)
 (-5,-25)
 (-3,-26)
 (-1,-25)
 (0,-26)
 (2,-25)
 (3,-26)
 (4,-25)
 (6,-25)
 (8,-25)
 (9,-24)
 (10,-23)
 (12,-22)
 (13,-22)
 (14,-21)
 (16,-20)
 (17,-19)
 (18,-18)
 (19,-16)
 (20,-15)
 (20,-13)
 (22,-12)
 (22,-11)
 (24,-9)
 (24,-8)
 (24,-7)
 (25,-6)
 (25,-4)
 (24,-2)
 (25,0)
 (24,1)
 (24,3)
 (24,4)
 (24,6)
 (24,7)
 (23,8)
 (22,10)
 (22,12)
 (21,13)
 (20,15)
 (19,16)
 (18,17)
 (18,18)
 (16,19)
 (15,20)
 (14,21)
 (13,22)
 (11,23)
 (9,23)
 (8,24)
 (7,25)
 (5,25)
 (3,25)
 (2,25)
 (0,26)
 (-2,25)
 (-4,26)
 (-5,25)
 (-6,25)
 (-8,25)
 (-9,24)
 (-11,24)
 (-12,23)
 (-14,22)
 (-15,21)
 (-17,20)
 (-18,19)
 (-19,18)
 (-20,16)
 (-21,16)
 (-22,14)
 (-23,14)
 (-24,12)
 (-24,11)
 (-25,9)
 (-25,8)
 (-26,6)
 (-26,5)
 (-27,3)
 (-26,2)
 (-27,0)
 (-27,-2)
 (-26,-3)
 (-27,-5)
 (-26,-6)
 (-26,-8)
 (-25,-9)
 (-25,-11)
 (-24,-12)
 (-23,-14)
 (-23,-15)
 (-21,-16)
 (-20,-17)
 (-19,-18)
 (-18,-20)
 (-17,-21)
 (-16,-21)
 (-15,-22)
 (-13,-23)
 (-13,-24)
 (-11,-24)
 (-9,-25)
 (-7,-25)
 (-6,-25)
 (-5,-26)
 (-3,-26)
 (-2,-25)


